1.0 0.02154004068038476
2.955209235202887 0.024610161629735353
8.733261623828433 0.034957479906247736
25.808615404180742 0.06369941221476909
76.26985859023443 0.10930986170116605
225.39339047347912 0.15029904205547448
666.0846290809154 0.2167008838995601
1968.4194472866113 0.16124919198448612
5817.091329374358 0.17506310430392744
17190.722018585748 0.22974602209384817
50802.180469130224 0.24844444444444447
150131.07289081742 0.27542270531400966
443668.73309786065 0.28894300969815844
1311133.937421563 0.22456654456654457
3874675.1204561284 0.22430510665804784
11450475.699382812 0.23502164502164505
33838551.534282334 0.18636363636363637
100000000.0 0.15882783882783885